1.4776225906e+04
1.4614966902e+04
1.4754375297e+04
1.5067737728e+04
1.4959468097e+04
1.4664314356e+04
1.4698335360e+04
1.3952997931e+04
1.5210211063e+04
1.4150428660e+04
1.4022809753e+04
1.6097687343e+04
1.3390678743e+04
1.4259234105e+04
1.4942791632e+04
1.5263832306e+04
1.5552817845e+04
1.4775739920e+04
1.5338343536e+04
1.4406787660e+04
1.5359313193e+04
1.5440467296e+04
1.6531564926e+04
1.5406153560e+04
1.5779915815e+04
1.4810031542e+04
1.5286674124e+04
1.6482004868e+04
1.4313173011e+04
1.5964841853e+04
1.5825585341e+04
1.5811415879e+04
1.4448807186e+04
1.6035551145e+04
1.5062069425e+04
1.4665700295e+04
1.4712471718e+04
1.4449296009e+04
1.3697721337e+04
1.5233549706e+04
1.5123402316e+04
1.6553898507e+04
1.5201223802e+04
1.4305061203e+04
1.5759484280e+04
1.4709707851e+04
1.5311141978e+04
1.4698423715e+04
1.4489727957e+04
1.5709601356e+04
1.5792812281e+04
1.3756735014e+04
1.5601350829e+04
1.5624054514e+04
1.5826021729e+04
1.4728728486e+04
1.5136679893e+04
1.4967477740e+04
1.4695828279e+04
1.5531389902e+04
1.5288686893e+04
1.4233540327e+04
1.5331098501e+04
1.5680061314e+04
1.5165438587e+04
1.5350030764e+04
1.4118933860e+04
1.4745614764e+04
1.5315347041e+04
1.5632961402e+04
1.3210788727e+04
1.4688370876e+04
1.6040493323e+04
1.5743975856e+04
1.4503080093e+04
1.5725369407e+04
1.4593635361e+04
1.4778045380e+04
1.4274135300e+04
1.3853861297e+04
1.5851596717e+04
1.4685088130e+04
1.5285605484e+04
1.5737840914e+04
1.4175981835e+04
1.6484972873e+04
1.6249953809e+04
1.4889551204e+04
1.4590855107e+04
1.4808479953e+04
1.5058446950e+04
1.5586267441e+04
1.4888474489e+04
1.5820082633e+04
1.6178316853e+04
1.3723862558e+04
1.4159250002e+04
1.5367574250e+04
1.4832346004e+04
1.5254732045e+04
